     0.000       132.95137        34.41346      8974.00000
     0.100       132.94986        34.41329      8973.95100
     0.200       132.94836        34.41311      8973.80400
     0.300       132.94686        34.41294      8973.55900
     0.400       132.94535        34.41276      8973.21600
     0.500       132.94385        34.41259      8972.77500
     0.600       132.94234        34.41242      8972.23600
     0.700       132.94084        34.41224      8971.59900
     0.800       132.93934        34.41207      8970.86400
     0.900       132.93783        34.41189      8970.03100
     1.000       132.93633        34.41172      8969.10000
     1.100       132.93482        34.41154      8968.07100
     1.200       132.93332        34.41137      8966.94400
     1.300       132.93182        34.41119      8965.71900
     1.400       132.93031        34.41102      8964.39600
     1.500       132.92881        34.41084      8962.97500
     1.600       132.92731        34.41067      8961.45600
     1.700       132.92580        34.41049      8959.83900
     1.800       132.92430        34.41032      8958.12400
     1.900       132.92279        34.41015      8956.31100
     2.000       132.92129        34.40997      8954.40000
     2.100       132.91979        34.40980      8952.39100
     2.200       132.91828        34.40962      8950.28400
     2.300       132.91678        34.40945      8948.07900
     2.400       132.91527        34.40927      8945.77600
     2.500       132.91377        34.40910      8943.37500
     2.600       132.91227        34.40892      8940.87600
     2.700       132.91076        34.40875      8938.27900
     2.800       132.90926        34.40857      8935.58400
     2.900       132.90775        34.40840      8932.79100
     3.000       132.90625        34.40822      8929.90000
     3.100       132.90475        34.40805      8926.91100
     3.200       132.90324        34.40787      8923.82400
     3.300       132.90174        34.40770      8920.63900
     3.400       132.90024        34.40752      8917.35600
     3.500       132.89873        34.40735      8913.97500
     3.600       132.89723        34.40717      8910.49600
     3.700       132.89572        34.40700      8906.91900
     3.800       132.89422        34.40682      8903.24400
     3.900       132.89272        34.40665      8899.47100
     4.000       132.89121        34.40647      8895.60000
     4.100       132.88971        34.40630      8891.63100
     4.200       132.88820        34.40612      8887.56400
     4.300       132.88670        34.40595      8883.39900
     4.400       132.88520        34.40577      8879.13600
     4.500       132.88369        34.40560      8874.77500
     4.600       132.88219        34.40542      8870.31600
     4.700       132.88069        34.40525      8865.75900
     4.800       132.87918        34.40507      8861.10400
     4.900       132.87768        34.40490      8856.35100
     5.000       132.87617        34.40472      8851.50000
     5.100       132.87467        34.40454      8846.55100
     5.200       132.87317        34.40437      8841.50400
     5.300       132.87166        34.40419      8836.35900
     5.400       132.87016        34.40402      8831.11600
     5.500       132.86866        34.40384      8825.77500
     5.600       132.86715        34.40367      8820.33600
     5.700       132.86565        34.40349      8814.79900
     5.800       132.86415        34.40332      8809.16400
     5.900       132.86264        34.40314      8803.43100
     6.000       132.86114        34.40297      8797.60000
     6.100       132.85963        34.40279      8791.67100
     6.200       132.85813        34.40261      8785.64400
     6.300       132.85663        34.40244      8779.51900
     6.400       132.85512        34.40226      8773.29600
     6.500       132.85362        34.40209      8766.97500
     6.600       132.85212        34.40191      8760.55600
     6.700       132.85061        34.40174      8754.03900
     6.800       132.84911        34.40156      8747.42400
     6.900       132.84761        34.40139      8740.71100
     7.000       132.84610        34.40121      8733.90000
     7.100       132.84460        34.40103      8726.99100
     7.200       132.84309        34.40086      8719.98400
     7.300       132.84159        34.40068      8712.87900
     7.400       132.84009        34.40051      8705.67600
     7.500       132.83858        34.40033      8698.37500
     7.600       132.83708        34.40016      8690.97600
     7.700       132.83558        34.39998      8683.47900
     7.800       132.83407        34.39980      8675.88400
     7.900       132.83257        34.39963      8668.19100
     8.000       132.83107        34.39945      8660.40000
     8.100       132.82956        34.39928      8652.51100
     8.200       132.82806        34.39910      8644.52400
     8.300       132.82656        34.39892      8636.43900
     8.400       132.82505        34.39875      8628.25600
     8.500       132.82355        34.39857      8619.97500
     8.600       132.82204        34.39840      8611.59600
     8.700       132.82054        34.39822      8603.11900
     8.800       132.81904        34.39804      8594.54400
     8.900       132.81753        34.39787      8585.87100
     9.000       132.81603        34.39769      8577.10000
     9.100       132.81453        34.39752      8568.23100
     9.200       132.81302        34.39734      8559.26400
     9.300       132.81152        34.39716      8550.19900
     9.400       132.81002        34.39699      8541.03600
     9.500       132.80851        34.39681      8531.77500
     9.600       132.80701        34.39664      8522.41600
     9.700       132.80551        34.39646      8512.95900
     9.800       132.80400        34.39628      8503.40400
     9.900       132.80250        34.39611      8493.75100
    10.000       132.80100        34.39593      8484.00000
    10.100       132.79949        34.39576      8474.15100
    10.200       132.79799        34.39558      8464.20400
    10.300       132.79649        34.39540      8454.15900
    10.400       132.79498        34.39523      8444.01600
    10.500       132.79348        34.39505      8433.77500
    10.600       132.79198        34.39487      8423.43600
    10.700       132.79047        34.39470      8412.99900
    10.800       132.78897        34.39452      8402.46400
    10.900       132.78747        34.39434      8391.83100
    11.000       132.78596        34.39417      8381.10000
    11.100       132.78446        34.39399      8370.27100
    11.200       132.78296        34.39382      8359.34400
    11.300       132.78145        34.39364      8348.31900
    11.400       132.77995        34.39346      8337.19600
    11.500       132.77845        34.39329      8325.97500
    11.600       132.77694        34.39311      8314.65600
    11.700       132.77544        34.39293      8303.23900
    11.800       132.77394        34.39276      8291.72400
    11.900       132.77243        34.39258      8280.11100
    12.000       132.77093        34.39240      8268.40000
    12.100       132.76943        34.39223      8256.59100
    12.200       132.76792        34.39205      8244.68400
    12.300       132.76642        34.39187      8232.67900
    12.400       132.76492        34.39170      8220.57600
    12.500       132.76341        34.39152      8208.37500
    12.600       132.76191        34.39134      8196.07600
    12.700       132.76041        34.39117      8183.67900
    12.800       132.75890        34.39099      8171.18400
    12.900       132.75740        34.39081      8158.59100
    13.000       132.75590        34.39064      8145.90000
    13.100       132.75439        34.39046      8133.11100
    13.200       132.75289        34.39028      8120.22400
    13.300       132.75139        34.39011      8107.23900
    13.400       132.74988        34.38993      8094.15600
    13.500       132.74838        34.38975      8080.97500
    13.600       132.74688        34.38958      8067.69600
    13.700       132.74537        34.38940      8054.31900
    13.800       132.74387        34.38922      8040.84400
    13.900       132.74237        34.38904      8027.27100
    14.000       132.74087        34.38887      8013.60000
    14.100       132.73936        34.38869      7999.83100
    14.200       132.73786        34.38851      7985.96400
    14.300       132.73636        34.38834      7971.99900
    14.400       132.73485        34.38816      7957.93600
    14.500       132.73335        34.38798      7943.77500
    14.600       132.73185        34.38781      7929.51600
    14.700       132.73034        34.38763      7915.15900
    14.800       132.72884        34.38745      7900.70400
    14.900       132.72734        34.38727      7886.15100
    15.000       132.72583        34.38710      7871.50000
    15.100       132.72433        34.38692      7856.75100
    15.200       132.72283        34.38674      7841.90400
    15.300       132.72132        34.38657      7826.95900
    15.400       132.71982        34.38639      7811.91600
    15.500       132.71832        34.38621      7796.77500
    15.600       132.71682        34.38603      7781.53600
    15.700       132.71531        34.38586      7766.19900
    15.800       132.71381        34.38568      7750.76400
    15.900       132.71231        34.38550      7735.23100
    16.000       132.71080        34.38533      7719.60000
    16.100       132.70930        34.38515      7703.87100
    16.200       132.70780        34.38497      7688.04400
    16.300       132.70629        34.38479      7672.11900
    16.400       132.70479        34.38462      7656.09600
    16.500       132.70329        34.38444      7639.97500
    16.600       132.70179        34.38426      7623.75600
    16.700       132.70028        34.38408      7607.43900
    16.800       132.69878        34.38391      7591.02400
    16.900       132.69728        34.38373      7574.51100
    17.000       132.69577        34.38355      7557.90000
    17.100       132.69427        34.38337      7541.19100
    17.200       132.69277        34.38320      7524.38400
    17.300       132.69126        34.38302      7507.47900
    17.400       132.68976        34.38284      7490.47600
    17.500       132.68826        34.38266      7473.37500
    17.600       132.68676        34.38249      7456.17600
    17.700       132.68525        34.38231      7438.87900
    17.800       132.68375        34.38213      7421.48400
    17.900       132.68225        34.38195      7403.99100
    18.000       132.68074        34.38177      7386.40000
    18.100       132.67924        34.38160      7368.71100
    18.200       132.67774        34.38142      7350.92400
    18.300       132.67624        34.38124      7333.03900
    18.400       132.67473        34.38106      7315.05600
    18.500       132.67323        34.38089      7296.97500
    18.600       132.67173        34.38071      7278.79600
    18.700       132.67022        34.38053      7260.51900
    18.800       132.66872        34.38035      7242.14400
    18.900       132.66722        34.38017      7223.67100
    19.000       132.66572        34.38000      7205.10000
    19.100       132.66421        34.37982      7186.43100
    19.200       132.66271        34.37964      7167.66400
    19.300       132.66121        34.37946      7148.79900
    19.400       132.65970        34.37929      7129.83600
    19.500       132.65820        34.37911      7110.77500
    19.600       132.65670        34.37893      7091.61600
    19.700       132.65520        34.37875      7072.35900
    19.800       132.65369        34.37857      7053.00400
    19.900       132.65219        34.37840      7033.55100
    20.000       132.65069        34.37822      7014.00000
    20.100       132.64918        34.37804      6994.35100
    20.200       132.64768        34.37786      6974.60400
    20.300       132.64618        34.37768      6954.75900
    20.400       132.64468        34.37750      6934.81600
    20.500       132.64317        34.37733      6914.77500
    20.600       132.64167        34.37715      6894.63600
    20.700       132.64017        34.37697      6874.39900
    20.800       132.63867        34.37679      6854.06400
    20.900       132.63716        34.37661      6833.63100
    21.000       132.63566        34.37644      6813.10000
    21.100       132.63416        34.37626      6792.47100
    21.200       132.63265        34.37608      6771.74400
    21.300       132.63115        34.37590      6750.91900
    21.400       132.62965        34.37572      6729.99600
    21.500       132.62815        34.37554      6708.97500
    21.600       132.62664        34.37537      6687.85600
    21.700       132.62514        34.37519      6666.63900
    21.800       132.62364        34.37501      6645.32400
    21.900       132.62214        34.37483      6623.91100
    22.000       132.62063        34.37465      6602.40000
    22.100       132.61913        34.37447      6580.79100
    22.200       132.61763        34.37430      6559.08400
    22.300       132.61613        34.37412      6537.27900
    22.400       132.61462        34.37394      6515.37600
    22.500       132.61312        34.37376      6493.37500
    22.600       132.61162        34.37358      6471.27600
    22.700       132.61011        34.37340      6449.07900
    22.800       132.60861        34.37322      6426.78400
    22.900       132.60711        34.37305      6404.39100
    23.000       132.60561        34.37287      6381.90000
    23.100       132.60410        34.37269      6359.31100
    23.200       132.60260        34.37251      6336.62400
    23.300       132.60110        34.37233      6313.83900
    23.400       132.59960        34.37215      6290.95600
    23.500       132.59809        34.37197      6267.97500
    23.600       132.59659        34.37180      6244.89600
    23.700       132.59509        34.37162      6221.71900
    23.800       132.59359        34.37144      6198.44400
    23.900       132.59208        34.37126      6175.07100
    24.000       132.59058        34.37108      6151.60000
    24.100       132.58908        34.37090      6128.03100
    24.200       132.58758        34.37072      6104.36400
    24.300       132.58607        34.37054      6080.59900
    24.400       132.58457        34.37036      6056.73600
    24.500       132.58307        34.37019      6032.77500
    24.600       132.58157        34.37001      6008.71600
    24.700       132.58006        34.36983      5984.55900
    24.800       132.57856        34.36965      5960.30400
    24.900       132.57706        34.36947      5935.95100
    25.000       132.57556        34.36929      5911.50000
    25.100       132.57405        34.36911      5886.95100
    25.200       132.57255        34.36893      5862.30400
    25.300       132.57105        34.36875      5837.55900
    25.400       132.56955        34.36858      5812.71600
    25.500       132.56804        34.36840      5787.77500
    25.600       132.56654        34.36822      5762.73600
    25.700       132.56504        34.36804      5737.59900
    25.800       132.56354        34.36786      5712.36400
    25.900       132.56203        34.36768      5687.03100
    26.000       132.56053        34.36750      5661.60000
    26.100       132.55903        34.36732      5636.07100
    26.200       132.55753        34.36714      5610.44400
    26.300       132.55603        34.36696      5584.71900
    26.400       132.55452        34.36678      5558.89600
    26.500       132.55302        34.36660      5532.97500
    26.600       132.55152        34.36643      5506.95600
    26.700       132.55002        34.36625      5480.83900
    26.800       132.54851        34.36607      5454.62400
    26.900       132.54701        34.36589      5428.31100
    27.000       132.54551        34.36571      5401.90000
    27.100       132.54401        34.36553      5375.39100
    27.200       132.54250        34.36535      5348.78400
    27.300       132.54100        34.36517      5322.07900
    27.400       132.53950        34.36499      5295.27600
    27.500       132.53800        34.36481      5268.37500
    27.600       132.53650        34.36463      5241.37600
    27.700       132.53499        34.36445      5214.27900
    27.800       132.53349        34.36427      5187.08400
    27.900       132.53199        34.36409      5159.79100
    28.000       132.53049        34.36391      5132.40000
    28.100       132.52898        34.36373      5104.91100
    28.200       132.52748        34.36355      5077.32400
    28.300       132.52598        34.36338      5049.63900
    28.400       132.52448        34.36320      5021.85600
    28.500       132.52297        34.36302      4993.97500
    28.600       132.52147        34.36284      4965.99600
    28.700       132.51997        34.36266      4937.91900
    28.800       132.51847        34.36248      4909.74400
    28.900       132.51697        34.36230      4881.47100
    29.000       132.51546        34.36212      4853.10000
    29.100       132.51396        34.36194      4824.63100
    29.200       132.51246        34.36176      4796.06400
    29.300       132.51096        34.36158      4767.39900
    29.400       132.50945        34.36140      4738.63600
    29.500       132.50795        34.36122      4709.77500
    29.600       132.50645        34.36104      4680.81600
    29.700       132.50495        34.36086      4651.75900
    29.800       132.50345        34.36068      4622.60400
    29.900       132.50194        34.36050      4593.35100
    30.000       132.50044        34.36032      4564.00000
    30.100       132.49894        34.36014      4534.55100
    30.200       132.49744        34.35996      4505.00400
    30.300       132.49594        34.35978      4475.35900
    30.400       132.49443        34.35960      4445.61600
    30.500       132.49293        34.35942      4415.77500
    30.600       132.49143        34.35924      4385.83600
    30.700       132.48993        34.35906      4355.79900
    30.800       132.48843        34.35888      4325.66400
    30.900       132.48692        34.35870      4295.43100
    31.000       132.48542        34.35852      4265.10000
    31.100       132.48392        34.35834      4234.67100
    31.200       132.48242        34.35816      4204.14400
    31.300       132.48091        34.35798      4173.51900
    31.400       132.47941        34.35780      4142.79600
    31.500       132.47791        34.35762      4111.97500
    31.600       132.47641        34.35744      4081.05600
    31.700       132.47491        34.35726      4050.03900
    31.800       132.47340        34.35708      4018.92400
    31.900       132.47190        34.35690      3987.71100
    32.000       132.47040        34.35672      3956.40000
    32.100       132.46890        34.35654      3924.99100
    32.200       132.46740        34.35636      3893.48400
    32.300       132.46589        34.35618      3861.87900
    32.400       132.46439        34.35600      3830.17600
    32.500       132.46289        34.35582      3798.37500
    32.600       132.46139        34.35564      3766.47600
    32.700       132.45989        34.35546      3734.47900
    32.800       132.45838        34.35528      3702.38400
    32.900       132.45688        34.35509      3670.19100
    33.000       132.45538        34.35491      3637.90000
    33.100       132.45388        34.35473      3605.51100
    33.200       132.45238        34.35455      3573.02400
    33.300       132.45088        34.35437      3540.43900
    33.400       132.44937        34.35419      3507.75600
    33.500       132.44787        34.35401      3474.97500
    33.600       132.44637        34.35383      3442.09600
    33.700       132.44487        34.35365      3409.11900
    33.800       132.44337        34.35347      3376.04400
    33.900       132.44186        34.35329      3342.87100
    34.000       132.44036        34.35311      3309.60000
    34.100       132.43886        34.35293      3276.23100
    34.200       132.43736        34.35275      3242.76400
    34.300       132.43586        34.35257      3209.19900
    34.400       132.43435        34.35239      3175.53600
    34.500       132.43285        34.35221      3141.77500
    34.600       132.43135        34.35202      3107.91600
    34.700       132.42985        34.35184      3073.95900
    34.800       132.42835        34.35166      3039.90400
    34.900       132.42685        34.35148      3005.75100
    35.000       132.42534        34.35130      2971.50000
    35.100       132.42384        34.35112      2937.15100
    35.200       132.42234        34.35094      2902.70400
    35.300       132.42084        34.35076      2868.15900
    35.400       132.41934        34.35058      2833.51600
    35.500       132.41783        34.35040      2798.77500
    35.600       132.41633        34.35022      2763.93600
    35.700       132.41483        34.35004      2728.99900
    35.800       132.41333        34.34985      2693.96400
    35.900       132.41183        34.34967      2658.83100
    36.000       132.41033        34.34949      2623.60000
    36.100       132.40882        34.34931      2588.27100
    36.200       132.40732        34.34913      2552.84400
    36.300       132.40582        34.34895      2517.31900
    36.400       132.40432        34.34877      2481.69600
    36.500       132.40282        34.34859      2445.97500
    36.600       132.40132        34.34841      2410.15600
    36.700       132.39981        34.34823      2374.23900
    36.800       132.39831        34.34804      2338.22400
    36.900       132.39681        34.34786      2302.11100
    37.000       132.39531        34.34768      2265.90000
    37.100       132.39381        34.34750      2229.59100
    37.200       132.39231        34.34732      2193.18400
    37.300       132.39080        34.34714      2156.67900
    37.400       132.38930        34.34696      2120.07600
    37.500       132.38780        34.34678      2083.37500
    37.600       132.38630        34.34659      2046.57600
    37.700       132.38480        34.34641      2009.67900
    37.800       132.38330        34.34623      1972.68400
    37.900       132.38179        34.34605      1935.59100
    38.000       132.38029        34.34587      1898.40000
    38.100       132.37879        34.34569      1861.11100
    38.200       132.37729        34.34551      1823.72400
    38.300       132.37579        34.34532      1786.23900
    38.400       132.37429        34.34514      1748.65600
    38.500       132.37278        34.34496      1710.97500
    38.600       132.37128        34.34478      1673.19600
    38.700       132.36978        34.34460      1635.31900
    38.800       132.36828        34.34442      1597.34400
    38.900       132.36678        34.34424      1559.27100
    39.000       132.36528        34.34405      1521.10000
    39.100       132.36377        34.34387      1482.83100
    39.200       132.36227        34.34369      1444.46400
    39.300       132.36077        34.34351      1405.99900
    39.400       132.35927        34.34333      1367.43600
    39.500       132.35777        34.34315      1328.77500
    39.600       132.35627        34.34296      1290.01600
    39.700       132.35477        34.34278      1251.15900
    39.800       132.35326        34.34260      1212.20400
    39.900       132.35176        34.34242      1173.15100
    40.000       132.35026        34.34224      1134.00000
    40.100       132.34876        34.34206      1094.75100
    40.200       132.34726        34.34187      1055.40400
    40.300       132.34576        34.34169      1015.95900
    40.400       132.34426        34.34151       976.41600
    40.500       132.34275        34.34133       936.77500
    40.600       132.34125        34.34115       897.03600
    40.700       132.33975        34.34097       857.19900
    40.800       132.33825        34.34078       817.26400
    40.900       132.33675        34.34060       777.23100
    41.000       132.33525        34.34042       737.10000
    41.100       132.33375        34.34024       696.87100
    41.200       132.33224        34.34006       656.54400
    41.300       132.33074        34.33987       616.11900
    41.400       132.32924        34.33969       575.59600
    41.500       132.32774        34.33951       534.97500
    41.600       132.32624        34.33933       494.25600
    41.700       132.32474        34.33915       453.43900
    41.800       132.32324        34.33896       412.52400
    41.900       132.32173        34.33878       371.51100
    42.000       132.32023        34.33860       330.40000
    42.100       132.31873        34.33842       289.19100
    42.200       132.31723        34.33824       247.88400
    42.300       132.31573        34.33805       206.47900
    42.400       132.31423        34.33787       164.97600
    42.500       132.31273        34.33769       123.37500
    42.600       132.31122        34.33751        81.67600
    42.700       132.30972        34.33732        39.87900
    42.800       132.30822        34.33714        -2.01600
