   9900.00      145.629482       15.074833       0.00       0.00      92.00 TINIAN-RWY 1 
  10500.00      145.811400       15.286700    1432.56     142.45     338.00 N-TIP-SAIPAN 1 
  11400.00      145.466726       16.111182    1420.20     149.14     338.00 added-01 0 
  12060.00      145.083293       16.902495    1411.14     146.46     335.00 added-02 0 
  12720.00      145.000000       17.233333    1402.08     146.46     336.00 - 0 
  13500.00      144.247160       18.842191    1402.08     147.80     336.00 added-03 0 
  14820.00      144.350000       18.700000    1402.08     148.47     337.00 - 0 
  14520.00      144.116667       18.816667    1432.56     148.47     336.00 - 0 
  15600.00      143.678132       19.955555    1422.76     149.14     340.00 added-04 0 
  16500.00      143.236341       21.094264    1414.60     149.14     340.00 added-05 0 
  17400.00      143.002930       21.693475    1406.43     147.13     340.00 added-06 0 
  17880.00      142.833333       21.550000    1402.08     145.12     340.00 - 0 
  18900.00      142.396700       22.662935    1515.82     145.79     340.00 added-07 0 
  19800.00      142.020190       23.289968    1616.18     147.13     331.00 added-08 0 
  20340.00      141.750000       23.883333    1676.40     139.77     331.00 - 0 
  22020.00      141.315600       24.787500    2804.16     135.76     327.00 IWO 1 
  22680.00      140.966667       25.400000    2834.64     137.10     324.00 - 0 
  23340.00      140.500000       26.000000    2834.64     137.10     327.00 - 0 
  24000.00      139.969297       26.567787    2823.82     137.10     320.00 added-09 0 
  24600.00      139.433324       27.138269    2813.99     137.77     320.00 added-10 0 
  25200.00      139.233333       27.500000    2804.16     137.10     320.00 - 0 
  26100.00      138.083333       28.883333    2804.16     137.77     322.00 - 0 
  27000.00      137.561223       29.467149    2804.16     137.10     322.00 added-11 0 
  27600.00      137.666667       29.400000    2804.16     137.10     325.00 - 0 
  28200.00      137.415634       29.701420    3982.72     137.77     324.00 added-12 0 
  28500.00      137.050000       30.183333    4572.00     136.43     325.00 - 0 
  28800.00      136.708954       30.604218    5219.70     135.76     325.00 added-13 0 
  29220.00      136.323057       31.078015    6126.48     133.76     325.00 added-14 0 
  29700.00      136.200000       31.250000    7162.80     131.75     325.00 - 0 
  30180.00      135.885445       31.663915    8056.88     130.41     327.00 added-15 0 
  30600.00      135.566667       32.150000    8839.20     129.74     329.00 - 0 
  31200.00      134.883333       32.666667    9204.96     131.75     344.00 - 0 
  31500.00      134.595491       34.605365    9172.09     133.76     353.00 added-16 0 
  33120.00      134.334518       34.582400    8994.59     133.76     264.00 IP 1 
  33300.00      132.951369       34.413462    8974.87     133.76     262.00 BOMBAWAY 1 
  34260.00      133.637300       33.743200    8869.68     150.48     150.00 MISHIMA 1 
  34920.00      134.016667       33.233333    8900.16     143.79     142.00 - 0 
  35520.00      134.600000       32.583333    8534.40     141.11     140.00 - 0 
  36300.00      135.166667       31.816667    7924.80     142.45     140.00 - 0 
  37500.00      136.216667       30.616667    7620.00     137.77     142.00 - 0 
  38460.00      137.050000       29.716667    7620.00     137.77     142.00 - 0 
  39600.00      137.878601       28.844661    7066.34     139.77     140.00 added-19 0 
  40500.00      138.154048       28.554551    6629.23     139.77     140.00 added-20 0 
  40800.00      139.403723       27.217377    6483.53     160.51     140.00 added-21 0 
  42000.00      139.761812       26.834085    5900.73     153.82     140.00 added-22 0 
  42360.00      139.416667       26.333333    5725.89     152.53     140.00 - 0 
  43680.00      140.666667       25.166667    5486.40     147.80     130.00 - 0 
  44340.00      141.315600       24.787500    5486.40     147.13     155.00 IWO 1 
  45780.00      141.716667       23.233333    5303.52     147.80     155.00 - 0 
  46380.00      141.833333       22.750000    5181.60     147.13     150.00 - 0 
  46800.00      142.050000       22.250000    5334.00     147.13     150.00 - 0 
  47040.00      142.306173       21.835543    5238.50     147.13     150.00 added-23 0 
  47400.00      144.169924       18.749111    5095.24     163.85     150.00 added-24 0 
  49800.00      144.574122       17.989586    4140.20     157.16     153.00 added-25 0 
  50400.00      143.866667       18.733333    3901.44     157.16     154.00 - 0 
  51300.00      144.140196       18.197132    2892.45     157.16     154.00 added-26 0 
  51720.00      145.303238       15.885536    2421.58     131.58     154.00 added-27 0 
  53880.00      145.640400       15.072900       0.00       0.00      92.00 BASE 1 
